[gd_scene load_steps=7 format=2]

[ext_resource path="res://Models/BladeSlash.obj" type="ArrayMesh" id=1]
[ext_resource path="res://Materials/EnergyBeam01.material" type="Material" id=2]
[ext_resource path="res://Materials/EnergyBeam02.material" type="Material" id=3]

[sub_resource type="Curve" id=1]
_data = [ Vector2( 0, 0 ), 0.0, 0.0, 0, 0, Vector2( 1, 0 ), -6.37652, 0.0, 0, 0 ]

[sub_resource type="CurveTexture" id=2]
curve = SubResource( 1 )

[sub_resource type="ParticlesMaterial" id=3]
gravity = Vector3( 0, 0, 0 )
initial_velocity = 3.0
initial_velocity_random = 1.0
tangential_accel = 100.0
angle_random = 1.0
scale_curve = SubResource( 2 )

[node name="BladeSlash" type="Spatial"]

[node name="Particles" type="Particles" parent="."]
transform = Transform( 0.430513, 0.891834, 0.13889, -0.416188, 0.0596029, 0.907323, 0.800903, -0.448419, 0.39683, 1, 0, -1 )
material_override = ExtResource( 2 )
cast_shadow = 0
emitting = false
amount = 3
lifetime = 0.3
one_shot = true
randomness = 1.0
process_material = SubResource( 3 )
draw_pass_1 = ExtResource( 1 )

[node name="Particles3" type="Particles" parent="."]
transform = Transform( 0.430513, 0.891834, 0.13889, -0.416188, 0.0596029, 0.907323, 0.800903, -0.448419, 0.39683, 1, 0, -1 )
material_override = ExtResource( 3 )
cast_shadow = 0
emitting = false
amount = 3
lifetime = 0.3
one_shot = true
randomness = 1.0
process_material = SubResource( 3 )
draw_pass_1 = ExtResource( 1 )

[node name="Particles2" type="Particles" parent="."]
transform = Transform( -0.430513, -0.891834, -0.13889, -0.416188, 0.0596029, 0.907323, 0.800903, -0.448419, 0.39683, -1, 0, -1 )
material_override = ExtResource( 2 )
cast_shadow = 0
emitting = false
amount = 3
lifetime = 0.3
one_shot = true
randomness = 1.0
process_material = SubResource( 3 )
draw_pass_1 = ExtResource( 1 )

[node name="Particles4" type="Particles" parent="."]
transform = Transform( -0.430513, -0.891834, -0.13889, -0.416188, 0.0596029, 0.907323, 0.800903, -0.448419, 0.39683, -1, 0, -1 )
material_override = ExtResource( 3 )
cast_shadow = 0
emitting = false
amount = 3
lifetime = 0.3
one_shot = true
randomness = 1.0
process_material = SubResource( 3 )
draw_pass_1 = ExtResource( 1 )
